1790614458 0, 0
1790614460 349, 3
1790614462 6297, 0
1790614464 6489, 0
1790614466 6489, 0
1790614468 7377, 0
1790614470 10041, 0
1790614472 10471, 71
1790614474 6785, 100
1790614476 6785, 100
1790614479 6785, 100
1790614481 6785, 100
1790614483 6785, 100
1790614485 6785, 100
1790614487 6785, 100
1790614489 7177, 100
1790614491 7177, 100
1790614493 7177, 100
1790614495 7177, 100
1790614497 7177, 100
1790614499 7177, 100
1790614501 7177, 100
1790614503 7177, 100
1790614505 7177, 100
1790614507 7177, 100
1790614509 7177, 100
1790614511 7177, 100
1790614513 7177, 100
1790614515 7177, 100
1790614517 7177, 100
1790614519 7177, 100
1790614521 7177, 100
1790614524 7177, 100
1790614526 7177, 100
1790614528 7177, 100
1790614530 7177, 100
1790614532 7177, 100
1790614535 7177, 100
1790614537 7177, 100
1790614539 7177, 100
1790614541 7177, 100
1790614543 7177, 100
1790614545 7177, 100
1790614547 7177, 100
1790614549 7177, 100
1790614552 7177, 100
1790614554 7177, 100
1790614556 7177, 100
1790614558 7177, 100
1790614560 7177, 100
1790614562 7177, 100
1790614565 7177, 100
1790614567 7177, 100
1790614569 7177, 100
1790614571 7177, 100
1790614573 7177, 100
1790614575 7177, 100
1790614577 7177, 100
1790614580 7177, 100
1790614582 7177, 100
1790614584 7177, 100
1790614586 7177, 100
1790614588 7177, 100
1790614590 7177, 100
1790614592 7177, 100
1790614594 7177, 100
1790614596 7177, 100
1790614598 7177, 100
1790614600 7177, 100
1790614603 7177, 100
1790614605 7177, 100
1790614607 7177, 100
1790614609 7177, 100
1790614611 7177, 100
1790614613 7177, 100
1790614615 7177, 100
1790614617 7177, 100
1790614619 7177, 100
1790614621 7177, 100
1790614623 7177, 100
1790614625 7177, 100
1790614627 7177, 100
1790614629 7177, 100
1790614631 7177, 100
1790614633 7177, 100
1790614635 7177, 100
1790614637 7177, 100
1790614639 7177, 100
1790614641 7177, 100
1790614643 7177, 100
1790614645 7177, 100
1790614647 7177, 100
1790614649 7177, 100
1790614652 7177, 100
1790614654 7177, 100
1790614656 7177, 100
1790614658 7177, 100
1790614660 7177, 100
1790614662 7177, 100
1790614664 7177, 100
1790614666 7177, 100
1790614668 7177, 100
1790614670 7177, 100
1790614672 7177, 100
1790614674 7177, 100
1790614676 7177, 100
1790614678 7177, 100
1790614680 7177, 100
1790614682 7177, 100
1790614684 7177, 100
1790614686 7177, 100
1790614688 7177, 100
1790614690 7177, 100
1790614693 7177, 100
1790614695 7177, 100
1790614697 7177, 100
1790614699 7177, 100
1790614701 7177, 100
1790614703 7177, 100
1790614705 7177, 100
1790614707 7177, 100
1790614709 7177, 100
1790614711 7177, 100
1790614713 7177, 100
1790614715 7177, 100
1790614717 7177, 100
1790614719 7177, 100
1790614722 7177, 100
1790614724 7177, 100
1790614726 7177, 100
1790614728 7177, 100
1790614730 7177, 100
1790614732 7177, 100
1790614735 7177, 100
1790614737 7177, 100
1790614739 7177, 100
1790614741 7177, 100
1790614743 7177, 100
1790614745 7177, 100
1790614747 7177, 100
1790614749 7177, 100
1790614751 7177, 100
1790614754 7177, 100
1790614756 7177, 100
1790614758 7177, 100
1790614760 7177, 100
1790614762 7177, 100
1790614764 7177, 100
1790614767 7177, 100
1790614769 7177, 100
1790614771 7177, 100
1790614773 7177, 100
1790614775 7177, 100
1790614777 7177, 100
1790614779 7177, 100
1790614781 7177, 100
1790614783 7177, 100
1790614785 7177, 100
1790614787 7177, 100
1790614790 7177, 100
1790614792 7177, 100
1790614794 7177, 100
1790614796 7177, 100
1790614798 7177, 100
1790614800 7177, 100
1790614802 7177, 100
1790614804 7177, 100
1790614806 7177, 100
1790614808 7440, 100
1790614810 7177, 100
1790614812 7177, 100
1790614814 7177, 100
1790614816 7177, 100
1790614818 7177, 100
1790614820 7177, 100
1790614822 7177, 100
1790614824 7177, 100
1790614827 7177, 100
1790614829 7177, 100
1790614831 7177, 100
1790614833 7177, 100
1790614835 7177, 100
1790614837 7177, 100
1790614839 7177, 100
1790614841 7177, 100
1790614843 7177, 100
1790614845 7177, 100
1790614847 7177, 100
1790614849 7177, 100
1790614851 7177, 100
1790614853 7177, 100
1790614855 7177, 100
1790614857 7177, 100
1790614859 7177, 100
1790614861 7177, 100
1790614863 7177, 100
1790614865 7177, 100
1790614867 7177, 100
1790614869 7177, 100
1790614871 7177, 100
1790614873 7177, 100
1790614876 7177, 100
1790614878 7177, 100
1790614880 7177, 100
1790614882 7177, 100
1790614884 7177, 100
1790614886 7177, 100
1790614888 7177, 100
1790614890 7177, 100
1790614892 7177, 100
1790614894 7177, 100
1790614896 7177, 100
1790614898 7177, 100
1790614900 7177, 100
1790614902 7177, 100
1790614904 7177, 100
1790614907 7177, 100
1790614909 7177, 100
1790614911 7177, 100
1790614913 7177, 100
1790614915 7177, 100
1790614917 7177, 100
1790614919 7177, 100
1790614921 7177, 100
1790614923 7177, 100
1790614925 7177, 100
1790614927 7177, 100
1790614930 7177, 100
1790614932 7177, 100
1790614934 7177, 100
1790614936 7177, 100
1790614938 7177, 100
1790614940 7177, 0
