1790614055 0, 0
1790614057 1537, 0
1790614059 1577, 0
1790614061 1625, 0
1790614072 0, 0
1790614074 1537, 13
1790614076 1577, 0
1790614078 1625, 0
1790614080 1625, 0
1790614082 1681, 0
1790614084 1681, 0
1790614086 2535, 0
1790614088 2535, 0
1790614090 2535, 0
1790614092 1699, 100
1790614094 1699, 100
1790614096 1699, 0
1790614098 1699, 0
1790614100 1699, 0
1790614102 1797, 100
1790614104 1797, 98
1790614107 1797, 100
1790614109 1797, 100
1790614111 1797, 100
1790614113 1797, 100
1790614115 1797, 100
1790614117 1797, 100
1790614119 1797, 100
1790614121 1797, 100
1790614123 1797, 100
1790614125 1797, 100
1790614127 1797, 100
1790614129 1797, 100
1790614131 1797, 100
1790614134 1797, 100
1790614136 1797, 98
1790614138 1797, 100
1790614140 1797, 100
1790614143 1797, 100
1790614145 1797, 100
1790614147 1797, 100
1790614149 1797, 100
1790614151 1797, 100
1790614154 1797, 100
1790614156 1797, 100
1790614158 1797, 100
1790614160 1797, 100
1790614162 1797, 100
1790614164 1797, 100
1790614166 1797, 100
1790614168 1797, 100
1790614170 1797, 100
1790614172 1797, 100
1790614174 1797, 100
1790614176 1797, 100
1790614178 1797, 99
1790614180 1797, 100
1790614182 1797, 100
1790614184 1797, 100
1790614186 1797, 100
1790614188 1797, 100
1790614190 1797, 100
1790614192 1797, 100
1790614194 1797, 100
1790614196 1797, 100
1790614199 1797, 100
1790614201 1797, 100
1790614203 1797, 100
1790614205 1797, 0
