1790614207 0, 0
1790614209 530, 0
1790614211 3150, 0
1790614213 3246, 0
1790614215 3246, 0
1790614217 4190, 34
1790614219 4190, 0
1790614221 3376, 100
1790614223 4246, 100
1790614225 4344, 29
1790614227 4414, 100
1790614229 3510, 100
1790614231 3510, 100
1790614233 3510, 100
1790614235 3510, 100
1790614237 3510, 100
1790614240 3510, 100
1790614242 3600, 100
1790614244 3600, 100
1790614246 3600, 100
1790614248 3600, 100
1790614250 3600, 100
1790614252 3600, 100
1790614254 3600, 100
1790614256 3600, 100
1790614258 3600, 100
1790614260 3600, 100
1790614262 3600, 100
1790614264 3600, 100
1790614266 3600, 100
1790614268 3600, 100
1790614270 3600, 100
1790614273 3600, 100
1790614275 3600, 100
1790614277 3600, 100
1790614279 3600, 100
1790614281 3600, 100
1790614283 3600, 100
1790614285 3600, 100
1790614287 3600, 100
1790614289 3600, 100
1790614291 3600, 100
1790614293 3600, 100
1790614295 3600, 100
1790614297 3600, 100
1790614299 3600, 100
1790614301 3600, 100
1790614303 3600, 100
1790614305 3600, 100
1790614307 3600, 100
1790614309 3600, 100
1790614311 3600, 100
1790614313 3600, 100
1790614315 3600, 100
1790614317 3600, 100
1790614319 3600, 100
1790614322 3600, 100
1790614324 3600, 100
1790614326 3600, 100
1790614328 3600, 100
1790614330 3600, 100
1790614332 3600, 100
1790614334 3600, 100
1790614336 3600, 100
1790614338 3600, 100
1790614340 3600, 100
1790614342 3600, 100
1790614344 3600, 100
1790614346 3600, 100
1790614349 3600, 100
1790614351 3600, 100
1790614353 3600, 100
1790614355 3600, 100
1790614357 3600, 100
1790614359 3600, 100
1790614361 3600, 100
1790614364 3600, 100
1790614366 3600, 100
1790614368 3600, 100
1790614370 3600, 100
1790614372 3600, 100
1790614374 3600, 100
1790614376 3600, 100
1790614378 3600, 100
1790614380 3600, 100
1790614382 3600, 100
1790614384 3600, 100
1790614386 3600, 100
1790614388 3600, 100
1790614390 3600, 100
1790614392 3600, 100
1790614394 3600, 100
1790614396 3600, 100
1790614398 3600, 100
1790614401 3600, 100
1790614403 3600, 100
1790614405 3600, 100
1790614407 3600, 100
1790614409 3600, 100
1790614411 3600, 100
1790614413 3600, 100
1790614415 3600, 100
1790614417 3600, 100
1790614419 3600, 100
1790614421 3600, 100
1790614423 3600, 100
1790614425 3600, 100
1790614427 3600, 100
1790614429 3600, 100
1790614431 3600, 100
1790614433 3600, 100
1790614435 3600, 100
1790614438 3600, 100
1790614440 3600, 100
1790614442 3600, 100
1790614444 1807, 100
1790614446 1807, 100
1790614448 1807, 100
1790614450 1807, 100
1790614452 1807, 100
1790614454 1807, 100
1790614456 1807, 0
