1790614942 0, 0
1790614944 531, 0
1790614946 1577, 0
1790614948 1625, 0
1790614950 1625, 0
1790614952 1625, 0
1790614954 2529, 0
1790614956 2529, 0
1790614958 1717, 100
1790614960 1717, 100
1790614962 1807, 100
1790614965 1807, 100
1790614967 1807, 100
1790614969 1807, 100
1790614971 1807, 100
1790614973 1807, 100
1790614975 1807, 100
1790614977 1807, 99
1790614979 1807, 100
1790614981 1807, 100
1790614983 1807, 100
1790614985 1807, 100
1790614987 1807, 100
1790614989 1807, 100
1790614991 1807, 99
1790614993 1807, 100
1790614995 1807, 100
1790614997 1807, 100
1790614999 1807, 100
1790615001 1807, 100
1790615003 1807, 100
1790615005 1807, 100
1790615008 1807, 100
1790615010 1807, 100
1790615012 1807, 100
1790615014 1807, 100
1790615016 1807, 100
1790615019 1807, 100
1790615021 1807, 100
1790615023 1807, 100
1790615025 1807, 100
1790615027 1807, 100
1790615029 1807, 100
1790615031 1807, 100
1790615033 1807, 100
1790615036 1807, 100
1790615038 1807, 100
1790615040 1807, 100
1790615042 1807, 100
1790615044 1807, 100
1790615047 1807, 100
1790615049 1807, 100
1790615051 1807, 100
1790615053 1807, 100
1790615055 1807, 100
1790615057 1807, 100
1790615060 1807, 100
1790615062 1807, 100
1790615064 1807, 100
1790615066 1807, 100
1790615068 1807, 0
