1790615405 0, 66
1790615407 281, 0
1790615409 281, 0
1790615411 281, 0
1790615414 281, 0
1790615416 281, 0
1790615418 281, 0
1790615420 281, 0
1790615422 281, 0
1790615424 281, 0
1790615426 281, 0
1790615428 281, 0
1790615430 281, 0
1790615432 281, 0
1790615434 281, 0
1790615436 553, 0
1790615438 4281, 99
1790615440 5217, 100
1790615442 5217, 99
1790615444 5217, 99
1790615446 5685, 54
1790615448 6201, 99
1790615450 6201, 99
1790615452 6201, 99
1790615454 6201, 99
1790615456 6537, 71
1790615459 6537, 99
1790615461 6537, 99
1790615463 6537, 99
1790615465 6537, 99
1790615467 6537, 63
1790615469 6537, 99
1790615471 6537, 99
1790615473 6537, 99
1790615475 6537, 99
1790615477 6537, 99
1790615479 6537, 99
1790615481 6537, 99
1790615483 6537, 100
1790615485 6537, 99
1790615487 6537, 99
