1790615489 0, 100
1790615491 558, 0
1790615493 558, 0
1790615495 558, 0
1790615497 558, 0
1790615499 558, 0
1790615501 558, 0
1790615503 558, 0
1790615506 558, 0
1790615508 558, 0
1790615510 558, 0
1790615512 558, 0
1790615514 558, 0
1790615516 558, 0
1790615518 558, 0
1790615520 558, 0
1790615522 5476, 99
1790615524 10248, 100
1790615526 11112, 100
1790615528 11112, 100
1790615530 11112, 100
1790615532 11112, 100
1790615534 11112, 100
1790615536 13002, 100
1790615538 13002, 100
1790615540 13766, 99
1790615542 13766, 100
1790615544 14234, 100
1790615546 14750, 100
1790615548 14750, 100
1790615551 14750, 100
1790615553 15098, 100
1790615555 15098, 100
1790615557 15098, 100
1790615559 15098, 100
1790615561 15098, 100
1790615563 15098, 100
1790615565 15098, 100
1790615567 15098, 99
1790615569 15436, 100
1790615571 15436, 100
1790615573 15436, 100
1790615575 15436, 100
1790615577 15436, 100
1790615579 15436, 100
1790615581 15436, 100
1790615583 15436, 100
1790615585 15436, 100
1790615587 15436, 100
1790615589 15784, 99
1790615591 15784, 100
1790615594 15784, 100
1790615596 15784, 100
1790615598 15784, 100
1790615600 15784, 100
1790615602 15784, 100
1790615604 15784, 100
1790615606 15784, 100
1790615608 15784, 100
1790615610 15784, 100
1790615612 15784, 100
1790615614 15784, 100
1790615616 15784, 100
1790615618 15784, 100
1790615620 15784, 100
1790615622 15784, 100
1790615624 15784, 100
1790615626 15784, 100
1790615628 15784, 100
1790615630 7585, 100
