1790615632 0, 0
1790615635 56, 0
1790615637 1113, 0
1790615639 1113, 0
1790615641 1113, 0
1790615643 1113, 0
1790615645 1113, 0
1790615647 1113, 0
1790615649 1113, 0
1790615651 1113, 0
1790615653 1113, 0
1790615655 1113, 0
1790615657 1113, 0
1790615659 1113, 0
1790615661 1113, 0
1790615663 1113, 0
1790615665 9863, 100
1790615668 13295, 100
1790615670 14427, 100
1790615672 14427, 100
1790615674 15921, 100
1790615676 16749, 100
1790615678 16749, 100
1790615680 17505, 100
1790615682 17505, 100
1790615684 17505, 100
1790615686 18387, 100
1790615688 19395, 100
1790615690 20259, 100
1790615692 20259, 100
1790615694 20259, 100
1790615696 20259, 100
1790615698 22311, 100
1790615700 22311, 100
1790615704 22311, 100
1790615706 22779, 100
1790615708 24042, 90
1790615711 25587, 100
1790615713 25587, 100
1790615715 25587, 100
1790615717 25587, 100
1790615719 25587, 100
1790615721 25587, 100
1790615723 25587, 100
1790615725 25935, 100
1790615727 25935, 100
1790615729 26633, 100
1790615731 26633, 100
1790615733 26633, 100
1790615735 26633, 100
1790615738 26633, 100
1790615740 26633, 100
1790615742 26633, 100
1790615744 26633, 100
1790615746 26633, 100
1790615748 26633, 100
1790615750 26633, 100
1790615752 26633, 100
1790615754 26633, 100
1790615756 26633, 100
1790615758 26633, 100
1790615760 26633, 100
1790615762 26633, 100
1790615764 26633, 100
1790615766 26633, 100
1790615768 26633, 100
1790615770 26633, 100
1790615772 26633, 100
1790615774 26633, 100
1790615776 26633, 100
1790615778 26633, 100
1790615781 26633, 100
1790615783 26633, 100
1790615785 26633, 100
1790615787 26633, 100
1790615789 26633, 100
1790615791 26633, 100
1790615793 26633, 100
1790615795 26633, 100
1790615797 26633, 100
1790615799 26633, 100
1790615801 26633, 100
1790615803 26633, 100
1790615805 26633, 100
1790615807 26633, 100
1790615809 26633, 100
1790615811 26633, 100
1790615813 26633, 100
1790615815 26633, 100
1790615817 26633, 100
1790615820 26633, 100
1790615822 26633, 100
1790615824 26633, 100
1790615826 26633, 100
1790615828 26633, 100
1790615831 26633, 100
1790615833 26633, 100
1790615835 26633, 100
1790615837 26633, 100
1790615839 26633, 100
1790615842 26633, 100
1790615844 26633, 100
1790615846 26633, 100
1790615848 26633, 100
1790615850 26633, 100
1790615852 26633, 100
1790615855 26633, 100
1790615857 26633, 100
1790615859 26633, 100
1790615861 26633, 100
1790615863 26633, 100
1790615865 26633, 100
1790615868 26633, 100
1790615870 26633, 100
1790615872 26633, 100
1790615874 26633, 100
1790615876 26633, 100
1790615878 26633, 100
1790615881 26633, 100
1790615883 26633, 100
1790615885 26633, 100
1790615887 26633, 98
