1790615070 0, 0
1790615073 108, 0
1790615075 12590, 0
1790615077 12590, 0
1790615079 12974, 0
1790615081 12974, 0
1790615083 12974, 0
1790615085 12974, 0
1790615087 20078, 0
1790615089 20078, 0
1790615091 19600, 100
1790615093 13566, 100
1790615095 13566, 100
1790615097 13566, 100
1790615100 13566, 100
1790615102 13566, 100
1790615104 13566, 100
1790615106 13566, 100
1790615108 13566, 100
1790615110 13566, 100
1790615112 13566, 100
1790615114 13566, 100
1790615116 13566, 100
1790615118 13566, 100
1790615120 13644, 100
1790615122 13722, 100
1790615124 14190, 100
1790615126 14190, 100
1790615128 14190, 100
1790615130 14190, 100
1790615132 14190, 100
1790615134 14190, 100
1790615136 14190, 100
1790615138 14190, 100
1790615140 14190, 100
1790615142 14190, 100
1790615145 14190, 100
1790615147 14190, 100
1790615149 14190, 100
1790615151 14190, 100
1790615153 14190, 100
1790615155 14190, 100
1790615157 14190, 100
1790615159 14190, 100
1790615161 14190, 100
1790615163 14190, 100
1790615165 14190, 100
1790615167 14190, 100
1790615169 14190, 100
1790615171 14190, 100
1790615173 14190, 100
1790615176 14190, 100
1790615178 14190, 100
1790615180 14190, 100
1790615182 14190, 100
1790615184 14190, 100
1790615186 14190, 100
1790615188 14190, 100
1790615191 14190, 100
1790615193 14190, 100
1790615195 14190, 100
1790615197 14190, 100
1790615199 14190, 100
1790615201 14190, 100
1790615203 14190, 100
1790615205 14190, 100
1790615208 14190, 100
1790615210 14190, 100
1790615212 14190, 100
1790615214 14190, 100
1790615216 14190, 100
1790615218 14190, 100
1790615220 14190, 100
1790615223 14190, 100
1790615225 14190, 100
1790615227 14190, 100
1790615229 14190, 100
1790615231 14190, 100
1790615234 14190, 100
1790615236 14190, 100
1790615238 14190, 100
1790615240 14190, 100
1790615242 14190, 100
1790615244 14190, 100
1790615246 14190, 100
1790615248 14190, 100
1790615250 14190, 100
1790615252 14190, 100
1790615254 14190, 100
1790615256 14190, 100
1790615258 14190, 100
1790615260 14190, 100
1790615262 14190, 100
1790615264 14190, 100
1790615266 14190, 100
1790615268 14190, 100
1790615271 14190, 100
1790615273 14190, 100
1790615275 14190, 100
1790615277 14190, 100
1790615279 14190, 100
1790615281 14190, 100
1790615283 14190, 100
1790615285 14190, 100
1790615287 14190, 100
1790615289 14190, 100
1790615291 14190, 100
1790615293 14190, 100
1790615295 14190, 100
1790615297 14190, 100
1790615299 14190, 100
1790615301 14190, 100
1790615303 14190, 100
1790615305 14190, 100
1790615307 14190, 100
1790615309 14190, 100
1790615311 14190, 100
1790615314 14190, 100
1790615316 14190, 100
1790615318 14190, 100
1790615320 14190, 100
1790615322 14190, 100
1790615324 14190, 100
1790615326 14190, 100
1790615328 14190, 100
1790615330 14190, 100
1790615332 14190, 100
1790615334 14190, 100
1790615336 14190, 100
1790615338 14190, 100
1790615340 14190, 100
1790615343 14190, 100
1790615345 14190, 100
1790615347 14190, 100
1790615349 14190, 100
1790615351 14190, 100
1790615353 14190, 100
1790615355 14190, 100
1790615357 14190, 100
1790615359 14190, 100
1790615361 14190, 100
1790615364 14190, 100
1790615366 14190, 100
1790615368 14190, 100
1790615370 14190, 100
1790615372 14190, 100
1790615374 14190, 100
1790615376 14190, 100
1790615378 14190, 100
1790615381 14190, 100
1790615383 14190, 100
1790615385 14190, 100
1790615387 14190, 100
1790615389 14190, 100
1790615391 14190, 100
1790615393 14190, 100
1790615395 14190, 100
1790615397 14190, 100
1790615399 14190, 100
1790615401 12417, 100
1790615403 12417, 0
