read | redraws | mean P(repeat) | median | P > 0.5 | P > 0.9 | expected wasted draws per redraw (with replacement) | mean P(rejected action)
best12_s0_logical | 396701 | 0.395 | 0.299 | 0.379 | 0.150 | 36.63 | 0.147
best12_s0_structural | 232328 | 0.261 | 0.110 | 0.229 | 0.061 | 22.96 | 0.131
best12_s1_logical | 400035 | 0.387 | 0.282 | 0.374 | 0.136 | 27.30 | 0.142
best12_s1_structural | 166814 | 0.256 | 0.085 | 0.233 | 0.068 | 17.55 | 0.143
best12_s2_logical | 362196 | 0.322 | 0.144 | 0.299 | 0.128 | 31.89 | 0.125
best12_s2_structural | 214443 | 0.208 | 0.034 | 0.181 | 0.055 | 24.08 | 0.101
best6_s0_logical | 375629 | 0.510 | 0.527 | 0.511 | 0.300 | 105.64 | 0.162
best6_s0_structural | 219936 | 0.448 | 0.382 | 0.453 | 0.241 | 96.47 | 0.178
best6_s1_logical | 388921 | 0.525 | 0.564 | 0.534 | 0.270 | 81.10 | 0.157
best6_s1_structural | 184342 | 0.415 | 0.324 | 0.416 | 0.189 | 63.71 | 0.168
best6_s2_logical | 400189 | 0.542 | 0.601 | 0.557 | 0.272 | 58.72 | 0.212
best6_s2_structural | 270457 | 0.459 | 0.438 | 0.467 | 0.189 | 28.49 | 0.224
