| arm | gpu_seconds | gen_tokens | attempts | actions | train_steps | train_tokens | lean_checks | gpu_s by phase |
|---|---|---|---|---|---|---|---|---|
| ei_s0_r8 | 972 | 19,844,046 | 75,912 | 1,109,111 | 0 | 0 | 58,487 | job 972 |
| ei_s1_r8 | 1,102 | 20,208,075 | 75,912 | 1,139,894 | 0 | 0 | 56,519 | job 1102 |
| ei_s2_r8 | 953 | 19,213,548 | 75,912 | 1,074,511 | 0 | 0 | 57,523 | job 953 |
| gb_default_s0 | 25,250 | 339,519,626 | 1,792,168 | 18,544,535 | 561 | 217,284,884 | 1,322,516 | eval 9041, job 3, sample 14804, update 1401 |
| gb_default_s0_r2 | 1,077 | 31,806,342 | 164,864 | 1,845,897 | 0 | 0 | 31,805 | job 1077 |
| gb_default_s0_r4 | 1,037 | 31,334,957 | 164,864 | 1,784,735 | 0 | 0 | 30,004 | job 1037 |
| gb_default_s0_r8 | 1,944 | 47,750,625 | 240,776 | 2,680,867 | 0 | 0 | 68,216 | job 1944 |
| gb_default_s1 | 24,571 | 336,281,104 | 1,792,168 | 18,263,077 | 561 | 210,407,419 | 1,334,475 | eval 8882, job 3, sample 14423, update 1263 |
| gb_default_s1_r2 | 1,001 | 30,666,154 | 164,864 | 1,761,643 | 0 | 0 | 30,758 | job 1001 |
| gb_default_s1_r4 | 1,154 | 31,564,237 | 164,864 | 1,795,261 | 0 | 0 | 29,925 | job 1154 |
| gb_default_s1_r8 | 1,795 | 46,637,863 | 240,776 | 2,625,761 | 0 | 0 | 65,964 | job 1795 |
| gb_default_s2 | 28,861 | 383,982,885 | 2,141,693 | 20,886,184 | 620 | 224,942,627 | 1,477,913 | eval 11019, job 12, sample 16330, update 1499 |
| gb_default_s2_r2 | 1,056 | 30,296,968 | 164,864 | 1,736,315 | 0 | 0 | 28,609 | job 1056 |
| gb_default_s2_r4 | 950 | 30,607,784 | 164,864 | 1,751,749 | 0 | 0 | 27,349 | job 950 |
| gb_default_s2_r8 | 1,625 | 45,836,304 | 240,776 | 2,602,091 | 0 | 0 | 63,622 | job 1625 |
| gb_distinct_s0 | 31,713 | 321,490,194 | 1,100,393 | 17,009,831 | 340 | 668,033,576 | 804,188 | eval 10183, job 3, sample 16587, update 4940 |
| gb_distinct_s0_r2 | 1,972 | 39,100,045 | 164,864 | 2,508,416 | 0 | 0 | 76,655 | job 1972 |
| gb_distinct_s1_r2 | 1,885 | 46,118,951 | 164,864 | 2,296,063 | 0 | 0 | 79,502 | job 1885 |
| gb_distinct_s2_r2 | 2,030 | 38,517,782 | 164,864 | 2,380,839 | 0 | 0 | 68,660 | job 2030 |
| gb_passk_s0 | 25,392 | 354,680,628 | 1,792,168 | 19,640,280 | 561 | 141,129,813 | 1,286,806 | eval 9128, job 3, sample 15240, update 1021 |
| gb_passk_s0_r2 | 1,090 | 32,122,475 | 164,864 | 1,873,454 | 0 | 0 | 41,031 | job 1090 |
| gb_passk_s0_r4 | 1,157 | 33,280,301 | 164,864 | 1,945,235 | 0 | 0 | 45,228 | job 1157 |
| gb_passk_s0_r8 | 2,138 | 48,749,274 | 240,776 | 2,797,737 | 0 | 0 | 86,747 | job 2138 |
| gb_passk_s1 | 25,271 | 355,418,382 | 1,792,168 | 19,681,746 | 561 | 128,493,919 | 1,296,305 | eval 9150, job 3, sample 15181, update 937 |
| gb_passk_s1_r2 | 1,083 | 32,095,666 | 164,864 | 1,867,051 | 0 | 0 | 43,596 | job 1083 |
| gb_passk_s1_r4 | 1,209 | 33,436,296 | 164,864 | 1,939,457 | 0 | 0 | 47,492 | job 1209 |
| gb_passk_s1_r8 | 2,146 | 50,051,818 | 240,776 | 2,846,394 | 0 | 0 | 90,494 | job 2146 |
| gb_passk_s2 | 29,360 | 352,001,426 | 1,865,288 | 19,371,829 | 561 | 132,103,896 | 1,275,043 | eval 11162, job 7, sample 17251, update 940 |
| gb_passk_s2_r2 | 1,080 | 31,389,993 | 164,864 | 1,817,365 | 0 | 0 | 40,847 | job 1080 |
| gb_passk_s2_r4 | 1,198 | 32,824,705 | 164,864 | 1,911,931 | 0 | 0 | 44,572 | job 1198 |
| gb_passk_s2_r8 | 3,787 | 46,720,325 | 240,776 | 2,650,934 | 0 | 0 | 80,975 | job 3787 |
| gb_unlikely_s0 | 25,460 | 343,718,031 | 1,792,168 | 18,900,262 | 561 | 277,414,893 | 1,324,052 | eval 9182, job 3, sample 14439, update 1837 |
| gb_unlikely_s0_r2 | 1,113 | 32,361,302 | 164,864 | 1,884,593 | 0 | 0 | 35,201 | job 1113 |
| gb_unlikely_s0_r4 | 1,062 | 31,533,525 | 164,864 | 1,801,367 | 0 | 0 | 33,550 | job 1062 |
| gb_unlikely_s0_r8 | 1,551 | 47,457,596 | 240,776 | 2,699,318 | 0 | 0 | 75,839 | job 1551 |
| gb_unlikely_s1 | 24,825 | 339,425,653 | 1,792,168 | 18,554,981 | 561 | 226,474,272 | 1,343,686 | eval 8585, job 3, sample 14896, update 1342 |
| gb_unlikely_s1_r2 | 969 | 30,408,698 | 164,864 | 1,750,952 | 0 | 0 | 34,595 | job 969 |
| gb_unlikely_s1_r4 | 1,071 | 31,201,069 | 164,864 | 1,798,529 | 0 | 0 | 33,616 | job 1071 |
| gb_unlikely_s1_r8 | 1,604 | 45,939,208 | 240,776 | 2,620,290 | 0 | 0 | 70,608 | job 1604 |
| gb_unlikely_s2 | 25,061 | 338,449,648 | 1,792,168 | 18,421,529 | 561 | 221,677,949 | 1,322,319 | eval 9442, job 3, sample 14116, update 1500 |
| gb_unlikely_s2_r2 | 1,099 | 31,183,341 | 164,864 | 1,791,855 | 0 | 0 | 30,511 | job 1099 |
| gb_unlikely_s2_r4 | 1,172 | 30,996,162 | 164,864 | 1,769,272 | 0 | 0 | 29,374 | job 1172 |
| gb_unlikely_s2_r8 | 2,913 | 46,591,606 | 240,776 | 2,676,990 | 0 | 0 | 66,483 | job 2913 |
| smk_default_alone | 167 | 2,266,192 | 12,288 | 120,432 | 6 | 7,083,157 | 6,500 | eval 8, job 4, sample 119, update 37 |
| smk_pair_a | 233 | 2,266,020 | 12,288 | 120,521 | 6 | 6,849,518 | 6,506 | eval 10, job 3, sample 163, update 56 |
| smk_pair_b | 229 | 2,271,176 | 12,288 | 120,918 | 6 | 3,375,883 | 6,334 | eval 10, job 3, sample 181, update 35 |
| smk_unlikely_alone | 128 | 1,514,339 | 8,192 | 80,017 | 4 | 4,881,307 | 4,267 | eval 12, job 3, sample 88, update 25 |
