distinct accepted proofs per theorem (median over the group, x1 read) and pass@1 (mean, x1), per round r0..r8
c12 s0 groups {'A': 232, 'B': 54, 'C': 36}  collapse rNone  stall(C) r5 stall(frontier) r7  cumC [0, 0, 3, 6, 10, 10, 10, 10]
   A: distinct med [7.0, 14.0, 23.0, 32.0, 42.0, 50.5, 57.0, 62.0, 67.0]  pruned-distinct med [5.0, 10.0, 14.0, 19.0, 24.0, 29.0, 30.0, 31.0, 31.0]
      lines (distinct proofs) [11.82, 13.16, 13.78, 14.2, 14.34, 14.45, 14.84, 14.8, 15.21] pruned [10.83, 12.18, 12.44, 12.77, 12.79, 12.93, 13.2, 13.07, 13.48]
      per-solved [10.79, 20.52, 30.1, 39.54, 51.58, 59.18, 64.69, 68.03, 72.62]  pass@1 [0.4059, 0.7711, 0.8173, 0.8289, 0.8401, 0.8466, 0.8516, 0.8464, 0.8546]
   B: distinct med [0.0, 1.0, 8.0, 16.5, 26.5, 31.0, 35.0, 43.5, 57.0]  pruned-distinct med [0.0, 1.0, 5.5, 10.0, 17.0, 22.0, 24.0, 25.5, 33.0]
      lines (distinct proofs) [10.0, 13.01, 13.81, 15.36, 15.75, 16.41, 17.25, 17.19, 17.41] pruned [10.0, 12.09, 12.69, 14.14, 14.56, 14.86, 15.75, 15.42, 15.74]
      per-solved [1.0, 6.37, 15.1, 27.77, 34.72, 42.4, 50.44, 53.31, 60.04]  pass@1 [0.0004, 0.1003, 0.2772, 0.3995, 0.4656, 0.4995, 0.5568, 0.5914, 0.6147]
   C: distinct med [0.0, 0.0, 0.0, 0.0, 0.0, 0.0, 0.0, 0.0, 0.0]  pruned-distinct med [0.0, 0.0, 0.0, 0.0, 0.0, 0.0, 0.0, 0.0, 0.0]
      lines (distinct proofs) [0.0, 0.0, 0.0, 39.0, 19.0, 21.7, 20.0, 17.14, 17.25] pruned [0.0, 0.0, 0.0, 36.0, 19.0, 17.8, 19.83, 15.57, 16.5]
      per-solved [0.0, 0.0, 0.0, 1.0, 1.0, 2.0, 2.0, 2.33, 1.33]  pass@1 [0.0, 0.0, 0.0, 0.0001, 0.0003, 0.0012, 0.0021, 0.0015, 0.0004]
c12 s1 groups {'A': 236, 'B': 51, 'C': 35}  collapse rNone  stall(C) r7 stall(frontier) r8  cumC [0, 0, 2, 4, 6, 7, 8, 8]
   A: distinct med [11.0, 24.0, 33.5, 41.0, 48.0, 59.0, 63.5, 69.0, 71.5]  pruned-distinct med [8.0, 15.0, 20.5, 25.0, 31.0, 31.0, 34.0, 41.0, 37.0]
      lines (distinct proofs) [13.58, 14.36, 14.25, 14.49, 14.74, 14.87, 14.72, 15.19, 15.05] pruned [12.55, 13.1, 12.96, 13.01, 13.29, 13.32, 13.2, 13.7, 13.54]
      per-solved [18.73, 32.35, 42.02, 52.91, 60.06, 66.27, 71.45, 76.75, 81.3]  pass@1 [0.3757, 0.7576, 0.8125, 0.8255, 0.8323, 0.8383, 0.839, 0.8469, 0.8446]
   B: distinct med [0.0, 2.0, 8.0, 15.0, 26.0, 34.0, 40.0, 45.0, 50.0]  pruned-distinct med [0.0, 2.0, 5.0, 9.0, 13.0, 19.0, 22.0, 24.0, 26.0]
      lines (distinct proofs) [12.36, 16.62, 17.14, 17.39, 18.98, 18.76, 18.68, 19.21, 19.71] pruned [12.36, 14.44, 15.19, 15.25, 16.99, 16.44, 16.27, 16.75, 16.93]
      per-solved [1.22, 14.46, 21.93, 29.74, 36.69, 42.89, 49.3, 49.96, 55.37]  pass@1 [0.0011, 0.12, 0.3136, 0.353, 0.4141, 0.4377, 0.4924, 0.496, 0.5071]
   C: distinct med [0.0, 0.0, 0.0, 0.0, 0.0, 0.0, 0.0, 0.0, 0.0]  pruned-distinct med [0.0, 0.0, 0.0, 0.0, 0.0, 0.0, 0.0, 0.0, 0.0]
      lines (distinct proofs) [0.0, 0.0, 0.0, 19.0, 16.0, 17.67, 27.67, 17.38, 14.0] pruned [0.0, 0.0, 0.0, 19.0, 16.0, 17.33, 23.83, 17.25, 11.0]
      per-solved [0.0, 0.0, 0.0, 2.0, 1.0, 1.5, 2.0, 4.0, 1.0]  pass@1 [0.0, 0.0, 0.0, 0.0004, 0.0001, 0.0007, 0.0007, 0.0012, 0.0001]
c12 s2 groups {'A': 234, 'B': 60, 'C': 28}  collapse rNone  stall(C) r8 stall(frontier) r8  cumC [1, 2, 4, 5, 5, 6, 8, 9]
   A: distinct med [9.0, 23.0, 32.5, 45.0, 50.0, 55.0, 64.5, 64.0, 72.0]  pruned-distinct med [6.0, 15.0, 19.0, 25.0, 30.0, 31.0, 34.0, 37.0, 39.0]
      lines (distinct proofs) [12.08, 13.24, 13.58, 14.12, 14.49, 13.94, 14.33, 14.23, 14.32] pruned [11.21, 12.29, 12.6, 13.06, 13.34, 12.82, 13.09, 12.99, 13.17]
      per-solved [12.47, 26.3, 37.79, 50.55, 59.01, 63.26, 70.61, 72.76, 77.75]  pass@1 [0.4215, 0.7651, 0.8153, 0.8318, 0.831, 0.8395, 0.8398, 0.8413, 0.8525]
   B: distinct med [0.0, 1.5, 9.5, 20.5, 27.5, 36.0, 37.5, 43.5, 42.0]  pruned-distinct med [0.0, 1.5, 6.5, 12.0, 18.5, 19.5, 23.5, 22.5, 22.0]
      lines (distinct proofs) [11.85, 16.93, 18.36, 18.57, 19.04, 19.05, 19.76, 19.14, 19.04] pruned [11.77, 15.53, 17.14, 17.18, 17.78, 17.59, 18.28, 17.66, 17.41]
      per-solved [1.18, 10.44, 24.12, 33.31, 38.77, 49.11, 51.77, 55.21, 58.42]  pass@1 [0.0012, 0.1333, 0.2863, 0.3757, 0.4354, 0.4878, 0.4943, 0.5484, 0.5714]
   C: distinct med [0.0, 0.0, 0.0, 0.0, 0.0, 0.0, 0.0, 0.0, 0.0]  pruned-distinct med [0.0, 0.0, 0.0, 0.0, 0.0, 0.0, 0.0, 0.0, 0.0]
      lines (distinct proofs) [0.0, 17.0, 12.0, 14.67, 21.8, 15.78, 23.48, 23.32, 17.0] pruned [0.0, 17.0, 12.0, 14.5, 21.4, 15.67, 23.39, 22.95, 17.0]
      per-solved [0.0, 3.0, 2.0, 2.0, 1.67, 4.5, 7.75, 4.75, 1.0]  pass@1 [0.0, 0.0004, 0.0003, 0.001, 0.0007, 0.0013, 0.0052, 0.0033, 0.0001]
c6 s0 groups {'A': 169, 'B': 101, 'C': 52}  collapse rNone  stall(C) r5 stall(frontier) r8  cumC [2, 3, 5, 6, 7, 7, 7, 7]
   A: distinct med [2.0, 3.0, 4.0, 6.0, 8.0, 9.0, 13.0, 18.0, 21.0]  pruned-distinct med [2.0, 3.0, 4.0, 4.0, 5.0, 6.0, 9.0, 10.0, 13.0]
      lines (distinct proofs) [9.13, 10.19, 10.93, 11.87, 12.1, 12.32, 13.0, 12.9, 13.15] pruned [8.83, 9.8, 10.47, 11.28, 11.27, 11.47, 12.03, 11.85, 12.01]
      per-solved [2.37, 4.37, 6.43, 9.39, 12.85, 15.99, 21.76, 27.44, 32.14]  pass@1 [0.459, 0.8627, 0.8971, 0.9088, 0.9208, 0.9184, 0.9152, 0.9172, 0.9136]
   B: distinct med [0.0, 0.0, 2.0, 5.0, 7.0, 12.0, 15.0, 22.0, 27.0]  pruned-distinct med [0.0, 0.0, 2.0, 4.0, 5.0, 8.0, 11.0, 13.0, 14.0]
      lines (distinct proofs) [9.86, 12.12, 15.27, 16.17, 17.12, 17.81, 18.22, 17.91, 18.03] pruned [9.86, 11.54, 14.63, 15.56, 16.27, 16.97, 17.33, 16.93, 16.92]
      per-solved [1.0, 3.98, 8.65, 13.01, 18.08, 23.78, 27.95, 33.61, 35.4]  pass@1 [0.0004, 0.1458, 0.305, 0.445, 0.5252, 0.5922, 0.597, 0.6218, 0.6527]
   C: distinct med [0.0, 0.0, 0.0, 0.0, 0.0, 0.0, 0.0, 0.0, 0.0]  pruned-distinct med [0.0, 0.0, 0.0, 0.0, 0.0, 0.0, 0.0, 0.0, 0.0]
      lines (distinct proofs) [0.0, 12.8, 11.25, 16.0, 14.0, 14.1, 19.88, 9.0, 16.8] pruned [0.0, 12.6, 11.0, 14.83, 13.43, 13.6, 19.0, 9.0, 14.4]
      per-solved [0.0, 5.0, 1.33, 3.0, 2.33, 3.33, 2.0, 1.33, 1.25]  pass@1 [0.0, 0.0006, 0.0004, 0.0011, 0.0009, 0.0018, 0.0006, 0.0006, 0.0004]
c6 s1 groups {'A': 138, 'B': 132, 'C': 52}  collapse rNone  stall(C) r8 stall(frontier) r8  cumC [3, 3, 4, 5, 5, 5, 6, 7]
   A: distinct med [2.0, 3.0, 3.0, 5.0, 6.5, 8.0, 10.5, 11.5, 15.0]  pruned-distinct med [2.0, 2.0, 3.0, 4.0, 4.0, 5.0, 6.0, 6.0, 7.0]
      lines (distinct proofs) [8.86, 9.38, 10.17, 10.42, 11.03, 11.69, 12.21, 12.84, 12.69] pruned [8.51, 8.82, 9.33, 9.29, 9.84, 10.22, 10.5, 10.76, 10.52]
      per-solved [2.41, 3.58, 5.34, 6.89, 9.09, 12.45, 16.04, 18.63, 22.72]  pass@1 [0.3271, 0.8659, 0.9084, 0.9177, 0.9243, 0.9305, 0.9221, 0.9254, 0.9151]
   B: distinct med [0.0, 1.0, 2.0, 4.0, 7.0, 8.5, 12.0, 14.0, 17.5]  pruned-distinct med [0.0, 1.0, 2.0, 2.0, 4.0, 5.0, 6.0, 8.0, 8.0]
      lines (distinct proofs) [8.77, 10.82, 12.66, 13.26, 14.81, 15.88, 15.84, 16.67, 16.32] pruned [8.54, 10.19, 11.81, 12.29, 13.21, 14.28, 14.32, 14.48, 14.15]
      per-solved [1.18, 2.58, 4.87, 7.84, 12.33, 15.45, 17.92, 21.52, 25.18]  pass@1 [0.0004, 0.2302, 0.391, 0.4673, 0.5444, 0.5845, 0.6103, 0.621, 0.6299]
   C: distinct med [0.0, 0.0, 0.0, 0.0, 0.0, 0.0, 0.0, 0.0, 0.0]  pruned-distinct med [0.0, 0.0, 0.0, 0.0, 0.0, 0.0, 0.0, 0.0, 0.0]
      lines (distinct proofs) [0.0, 6.0, 12.0, 12.0, 14.5, 16.2, 11.25, 13.71, 17.0] pruned [0.0, 6.0, 12.0, 12.0, 14.5, 15.4, 8.25, 13.29, 13.67]
      per-solved [0.0, 1.0, 1.0, 1.0, 1.0, 1.67, 2.0, 2.33, 1.5]  pass@1 [0.0, 0.0003, 0.0001, 0.0001, 0.0007, 0.001, 0.001, 0.0019, 0.0002]
c6 s2 groups {'A': 140, 'B': 122, 'C': 60}  collapse rNone  stall(C) r6 stall(frontier) r8  cumC [3, 7, 11, 11, 12, 13, 13, 13]
   A: distinct med [1.5, 2.0, 3.0, 4.0, 5.0, 6.5, 9.0, 10.0, 13.0]  pruned-distinct med [1.0, 2.0, 2.0, 3.0, 4.0, 4.0, 5.0, 5.0, 6.5]
      lines (distinct proofs) [8.82, 9.67, 9.91, 10.56, 11.33, 11.39, 11.87, 12.46, 12.59] pruned [8.52, 9.25, 9.34, 9.76, 10.23, 10.29, 10.37, 10.8, 10.75]
      per-solved [2.17, 3.14, 3.81, 5.29, 7.58, 9.11, 11.35, 13.74, 16.47]  pass@1 [0.3486, 0.8682, 0.9176, 0.933, 0.9289, 0.9369, 0.9303, 0.9294, 0.9309]
   B: distinct med [0.0, 1.0, 2.0, 3.0, 3.5, 6.0, 9.0, 10.5, 16.0]  pruned-distinct med [0.0, 1.0, 1.0, 2.0, 2.0, 4.0, 6.5, 7.0, 9.0]
      lines (distinct proofs) [9.1, 10.86, 12.09, 13.06, 13.79, 15.2, 17.18, 17.67, 17.52] pruned [8.9, 10.59, 11.65, 12.45, 12.98, 14.32, 16.2, 16.6, 16.3]
      per-solved [1.11, 2.33, 3.71, 5.62, 6.78, 9.89, 13.59, 15.71, 20.03]  pass@1 [0.0004, 0.2171, 0.3377, 0.3955, 0.4497, 0.5183, 0.5201, 0.5462, 0.5863]
   C: distinct med [0.0, 0.0, 0.0, 0.0, 0.0, 0.0, 0.0, 0.0, 0.0]  pruned-distinct med [0.0, 0.0, 0.0, 0.0, 0.0, 0.0, 0.0, 0.0, 0.0]
      lines (distinct proofs) [8.0, 7.0, 9.4, 9.5, 10.5, 14.4, 17.56, 13.0, 14.75] pruned [8.0, 7.0, 9.4, 9.5, 10.5, 14.2, 17.56, 12.5, 13.75]
      per-solved [1.0, 1.5, 1.0, 1.0, 1.0, 1.67, 2.25, 1.0, 1.33]  pass@1 [0.0001, 0.0003, 0.0007, 0.001, 0.0001, 0.0003, 0.0007, 0.0002, 0.0003]
