## Compute per kind, start and training seed (model: best-cap12, 9,560,832 params, lean_staten; record.compute rows)

| kind | start | seed | GPU-s | gen tokens (M) | attempts (k) | actions (k) | train steps | train tokens (M) | Lean checks (k) |
|---|---|---|---|---|---|---|---|---|---|
| T1 ladder | p0 | 0 | 362 | 50.2 | 448 | 448 | 0 | 0 | 0 |
| T1 ladder | p0 | 1 | 504 | 76.1 | 448 | 448 | 0 | 0 | 0 |
| T1 ladder | p0 | 2 | 409 | 59.6 | 448 | 448 | 0 | 0 | 0 |
| T1 ladder | p1600 | 0 | 21,745 | 346.2 | 1,794 | 18,772 | 4,800 | 634 | 959 |
| T1 ladder | p1600 | 1 | 19,015 | 359.6 | 1,794 | 19,561 | 4,800 | 660 | 915 |
| T1 ladder | p1600 | 2 | 22,943 | 401.0 | 2,011 | 21,701 | 4,800 | 669 | 1,037 |
| T1 ladder | p5000 | 0 | 24,714 | 399.8 | 1,794 | 22,411 | 4,800 | 742 | 1,124 |
| T1 ladder | p5000 | 1 | 24,629 | 397.0 | 1,938 | 22,047 | 4,800 | 722 | 1,101 |
| T1 ladder | p5000 | 2 | 20,896 | 373.7 | 1,794 | 20,980 | 4,800 | 693 | 1,109 |
| T1 ladder | p12000 | 0 | 23,804 | 393.7 | 1,794 | 22,078 | 4,800 | 734 | 1,231 |
| T1 ladder | p12000 | 1 | 26,427 | 450.3 | 2,011 | 24,661 | 4,800 | 779 | 1,291 |
| T1 ladder | p12000 | 2 | 23,972 | 395.0 | 1,794 | 21,422 | 4,800 | 720 | 1,174 |
| T1 ladder | p16000 | 0 | 26,365 | 403.5 | 1,938 | 22,118 | 4,800 | 734 | 1,253 |
| T1 ladder | p16000 | 1 | 26,961 | 394.1 | 1,794 | 22,204 | 4,800 | 729 | 1,268 |
| T1 ladder | p16000 | 2 | 25,829 | 408.9 | 1,794 | 22,670 | 4,800 | 758 | 1,229 |
| control | p1600 | 0 | 6,159 | 0.0 | 0 | 0 | 4,800 | 477 | 0 |
| control | p1600 | 1 | 6,201 | 0.0 | 0 | 0 | 4,800 | 476 | 0 |
| control | p1600 | 2 | 6,124 | 0.0 | 0 | 0 | 4,800 | 477 | 0 |
| control | p5000 | 0 | 6,163 | 0.0 | 0 | 0 | 4,800 | 477 | 0 |
| control | p5000 | 1 | 6,202 | 0.0 | 0 | 0 | 4,800 | 476 | 0 |
| control | p5000 | 2 | 6,126 | 0.0 | 0 | 0 | 4,800 | 477 | 0 |
| control | p12000 | 0 | 6,154 | 0.0 | 0 | 0 | 4,800 | 477 | 0 |
| control | p12000 | 1 | 6,184 | 0.0 | 0 | 0 | 4,800 | 476 | 0 |
| control | p12000 | 2 | 6,129 | 0.0 | 0 | 0 | 4,800 | 477 | 0 |
| control | p16000 | 0 | 6,157 | 0.0 | 0 | 0 | 4,800 | 477 | 0 |
| control | p16000 | 1 | 6,188 | 0.0 | 0 | 0 | 4,800 | 476 | 0 |
| control | p16000 | 2 | 6,129 | 0.0 | 0 | 0 | 4,800 | 477 | 0 |
| control | pend | 0 | 3,178 | 0.0 | 0 | 0 | 4,800 | 477 | 0 |
| control | pend | 1 | 3,185 | 0.0 | 0 | 0 | 4,800 | 476 | 0 |
| control | pend | 2 | 3,157 | 0.0 | 0 | 0 | 4,800 | 477 | 0 |
| reads | p1600 | 0 | 5,470 | 142.7 | 742 | 8,124 | 0 | 0 | 165 |
| reads | p1600 | 1 | 4,345 | 133.0 | 659 | 7,621 | 0 | 0 | 147 |
| reads | p1600 | 2 | 4,864 | 131.7 | 659 | 7,596 | 0 | 0 | 156 |
| reads | p5000 | 0 | 6,815 | 161.5 | 742 | 9,484 | 0 | 0 | 214 |
| reads | p5000 | 1 | 5,888 | 140.8 | 659 | 8,283 | 0 | 0 | 203 |
| reads | p5000 | 2 | 5,780 | 142.0 | 659 | 8,433 | 0 | 0 | 206 |
| reads | p12000 | 0 | 6,562 | 160.2 | 742 | 9,334 | 0 | 0 | 247 |
| reads | p12000 | 1 | 6,143 | 150.4 | 659 | 8,784 | 0 | 0 | 232 |
| reads | p12000 | 2 | 6,051 | 149.3 | 659 | 8,643 | 0 | 0 | 233 |
| reads | p16000 | 0 | 7,592 | 164.6 | 742 | 9,355 | 0 | 0 | 267 |
| reads | p16000 | 1 | 7,377 | 147.6 | 659 | 8,733 | 0 | 0 | 242 |
| reads | p16000 | 2 | 6,241 | 153.0 | 659 | 8,961 | 0 | 0 | 242 |
| reads | pend | 0 | 1,024 | 30.8 | 165 | 1,747 | 0 | 0 | 29 |
| reads | pend | 1 | 938 | 30.4 | 165 | 1,744 | 0 | 0 | 30 |
| reads | pend | 2 | 976 | 30.4 | 165 | 1,734 | 0 | 0 | 28 |

## by round (ladder, control) and by checkpoint (reads)

| kind | start | seed | round | GPU-s | gen tokens (M) | train steps | train tokens (M) | Lean checks (k) |
|---|---|---|---|---|---|---|---|---|
| T1 ladder | p0 | 0 | 1 | 179 | 25.1 | 0 | 0 | 0 |
| T1 ladder | p0 | 0 | 2 | 180 | 25.1 | 0 | 0 | 0 |
| T1 ladder | p0 | 0 | None | 3 | 0.0 | 0 | 0 | 0 |
| T1 ladder | p0 | 1 | 1 | 249 | 38.0 | 0 | 0 | 0 |
| T1 ladder | p0 | 1 | 2 | 252 | 38.0 | 0 | 0 | 0 |
| T1 ladder | p0 | 1 | None | 3 | 0.0 | 0 | 0 | 0 |
| T1 ladder | p0 | 2 | 1 | 202 | 29.8 | 0 | 0 | 0 |
| T1 ladder | p0 | 2 | 2 | 204 | 29.8 | 0 | 0 | 0 |
| T1 ladder | p0 | 2 | None | 3 | 0.0 | 0 | 0 | 0 |
| T1 ladder | p1600 | 0 | 1 | 1,547 | 26.4 | 600 | 60 | 12 |
| T1 ladder | p1600 | 0 | 2 | 2,410 | 40.6 | 600 | 72 | 85 |
| T1 ladder | p1600 | 0 | 3 | 3,137 | 43.1 | 600 | 77 | 115 |
| T1 ladder | p1600 | 0 | 4 | 2,743 | 44.2 | 600 | 79 | 130 |
| T1 ladder | p1600 | 0 | 5 | 2,863 | 46.2 | 600 | 83 | 143 |
| T1 ladder | p1600 | 0 | 6 | 2,981 | 47.3 | 600 | 86 | 152 |
| T1 ladder | p1600 | 0 | 7 | 3,161 | 49.0 | 600 | 88 | 159 |
| T1 ladder | p1600 | 0 | 8 | 2,901 | 49.4 | 600 | 90 | 164 |
| T1 ladder | p1600 | 0 | None | 3 | 0.0 | 0 | 0 | 0 |
| T1 ladder | p1600 | 1 | 1 | 1,438 | 30.6 | 600 | 61 | 16 |
| T1 ladder | p1600 | 1 | 2 | 1,926 | 41.2 | 600 | 74 | 81 |
| T1 ladder | p1600 | 1 | 3 | 2,549 | 43.7 | 600 | 79 | 110 |
| T1 ladder | p1600 | 1 | 4 | 2,688 | 46.1 | 600 | 83 | 125 |
| T1 ladder | p1600 | 1 | 5 | 2,525 | 47.8 | 600 | 87 | 134 |
| T1 ladder | p1600 | 1 | 6 | 2,498 | 48.8 | 600 | 90 | 143 |
| T1 ladder | p1600 | 1 | 7 | 2,587 | 49.7 | 600 | 92 | 151 |
| T1 ladder | p1600 | 1 | 8 | 2,800 | 51.7 | 600 | 94 | 155 |
| T1 ladder | p1600 | 1 | None | 4 | 0.0 | 0 | 0 | 0 |
| T1 ladder | p1600 | 2 | 1 | 1,516 | 30.5 | 600 | 60 | 15 |
| T1 ladder | p1600 | 2 | 2 | 2,275 | 40.7 | 600 | 74 | 88 |
| T1 ladder | p1600 | 2 | 3 | 4,435 | 85.9 | 600 | 81 | 196 |
| T1 ladder | p1600 | 2 | 4 | 2,654 | 45.5 | 600 | 84 | 130 |
| T1 ladder | p1600 | 2 | 5 | 2,790 | 46.9 | 600 | 88 | 140 |
| T1 ladder | p1600 | 2 | 6 | 2,938 | 49.2 | 600 | 91 | 149 |
| T1 ladder | p1600 | 2 | 7 | 3,147 | 50.6 | 600 | 94 | 156 |
| T1 ladder | p1600 | 2 | 8 | 3,183 | 51.7 | 600 | 96 | 162 |
| T1 ladder | p1600 | 2 | None | 5 | 0.0 | 0 | 0 | 0 |
| T1 ladder | p5000 | 0 | 1 | 1,941 | 37.3 | 600 | 71 | 41 |
| T1 ladder | p5000 | 0 | 2 | 2,720 | 45.0 | 600 | 83 | 116 |
| T1 ladder | p5000 | 0 | 3 | 2,887 | 47.5 | 600 | 88 | 138 |
| T1 ladder | p5000 | 0 | 4 | 3,221 | 51.0 | 600 | 93 | 151 |
| T1 ladder | p5000 | 0 | 5 | 3,375 | 52.9 | 600 | 97 | 161 |
| T1 ladder | p5000 | 0 | 6 | 3,480 | 53.7 | 600 | 100 | 168 |
| T1 ladder | p5000 | 0 | 7 | 3,493 | 55.2 | 600 | 103 | 173 |
| T1 ladder | p5000 | 0 | 8 | 3,594 | 57.2 | 600 | 106 | 177 |
| T1 ladder | p5000 | 0 | None | 3 | 0.0 | 0 | 0 | 0 |
| T1 ladder | p5000 | 1 | 1 | 1,945 | 36.1 | 600 | 69 | 40 |
| T1 ladder | p5000 | 1 | 2 | 2,706 | 43.2 | 600 | 81 | 111 |
| T1 ladder | p5000 | 1 | 3 | 2,749 | 45.8 | 600 | 85 | 134 |
| T1 ladder | p5000 | 1 | 4 | 3,186 | 48.6 | 600 | 90 | 147 |
| T1 ladder | p5000 | 1 | 5 | 3,642 | 61.3 | 600 | 94 | 157 |
| T1 ladder | p5000 | 1 | 6 | 3,391 | 52.7 | 600 | 98 | 165 |
| T1 ladder | p5000 | 1 | 7 | 3,408 | 54.3 | 600 | 101 | 171 |
| T1 ladder | p5000 | 1 | 8 | 3,596 | 54.9 | 600 | 104 | 176 |
| T1 ladder | p5000 | 1 | None | 7 | 0.0 | 0 | 0 | 0 |
| T1 ladder | p5000 | 2 | 1 | 1,381 | 31.4 | 600 | 66 | 27 |
| T1 ladder | p5000 | 2 | 2 | 2,336 | 43.2 | 600 | 79 | 111 |
| T1 ladder | p5000 | 2 | 3 | 2,679 | 45.8 | 600 | 84 | 137 |
| T1 ladder | p5000 | 2 | 4 | 2,810 | 47.6 | 600 | 87 | 150 |
| T1 ladder | p5000 | 2 | 5 | 2,958 | 49.1 | 600 | 90 | 161 |
| T1 ladder | p5000 | 2 | 6 | 2,754 | 50.6 | 600 | 93 | 169 |
| T1 ladder | p5000 | 2 | 7 | 2,842 | 52.2 | 600 | 96 | 175 |
| T1 ladder | p5000 | 2 | 8 | 3,133 | 53.8 | 600 | 98 | 179 |
| T1 ladder | p5000 | 2 | None | 3 | 0.0 | 0 | 0 | 0 |
| T1 ladder | p12000 | 0 | 1 | 1,925 | 38.6 | 600 | 76 | 65 |
| T1 ladder | p12000 | 0 | 2 | 2,545 | 45.1 | 600 | 84 | 133 |
| T1 ladder | p12000 | 0 | 3 | 2,743 | 47.7 | 600 | 88 | 153 |
| T1 ladder | p12000 | 0 | 4 | 2,869 | 50.0 | 600 | 92 | 165 |
| T1 ladder | p12000 | 0 | 5 | 3,167 | 51.3 | 600 | 95 | 173 |
| T1 ladder | p12000 | 0 | 6 | 3,486 | 52.6 | 600 | 98 | 178 |
| T1 ladder | p12000 | 0 | 7 | 3,451 | 53.7 | 600 | 99 | 181 |
| T1 ladder | p12000 | 0 | 8 | 3,617 | 54.9 | 600 | 101 | 184 |
| T1 ladder | p12000 | 0 | None | 3 | 0.0 | 0 | 0 | 0 |
| T1 ladder | p12000 | 1 | 1 | 2,143 | 39.1 | 600 | 75 | 43 |
| T1 ladder | p12000 | 1 | 2 | 2,917 | 47.0 | 600 | 88 | 124 |
| T1 ladder | p12000 | 1 | 3 | 3,178 | 50.0 | 600 | 94 | 148 |
| T1 ladder | p12000 | 1 | 4 | 5,047 | 90.3 | 600 | 99 | 271 |
| T1 ladder | p12000 | 1 | 5 | 3,146 | 54.3 | 600 | 102 | 170 |
| T1 ladder | p12000 | 1 | 6 | 3,254 | 55.3 | 600 | 105 | 175 |
| T1 ladder | p12000 | 1 | 7 | 3,354 | 56.9 | 600 | 107 | 179 |
| T1 ladder | p12000 | 1 | 8 | 3,381 | 57.4 | 600 | 109 | 181 |
| T1 ladder | p12000 | 1 | None | 7 | 0.0 | 0 | 0 | 0 |
| T1 ladder | p12000 | 2 | 1 | 1,901 | 35.1 | 600 | 71 | 43 |
| T1 ladder | p12000 | 2 | 2 | 2,874 | 45.1 | 600 | 82 | 122 |
| T1 ladder | p12000 | 2 | 3 | 3,027 | 49.1 | 600 | 87 | 145 |
| T1 ladder | p12000 | 2 | 4 | 3,028 | 50.6 | 600 | 91 | 160 |
| T1 ladder | p12000 | 2 | 5 | 3,157 | 52.5 | 600 | 94 | 169 |
| T1 ladder | p12000 | 2 | 6 | 3,249 | 53.5 | 600 | 97 | 175 |
| T1 ladder | p12000 | 2 | 7 | 3,320 | 54.2 | 600 | 99 | 179 |
| T1 ladder | p12000 | 2 | 8 | 3,413 | 54.9 | 600 | 100 | 182 |
| T1 ladder | p12000 | 2 | None | 3 | 0.0 | 0 | 0 | 0 |
| T1 ladder | p16000 | 0 | 1 | 2,495 | 38.3 | 600 | 74 | 71 |
| T1 ladder | p16000 | 0 | 2 | 3,002 | 46.1 | 600 | 83 | 137 |
| T1 ladder | p16000 | 0 | 3 | 3,407 | 51.4 | 600 | 88 | 155 |
| T1 ladder | p16000 | 0 | 4 | 3,349 | 51.0 | 600 | 93 | 167 |
| T1 ladder | p16000 | 0 | 5 | 3,324 | 52.6 | 600 | 96 | 174 |
| T1 ladder | p16000 | 0 | 6 | 3,567 | 53.9 | 600 | 98 | 180 |
| T1 ladder | p16000 | 0 | 7 | 3,596 | 54.5 | 600 | 100 | 184 |
| T1 ladder | p16000 | 0 | 8 | 3,619 | 55.6 | 600 | 102 | 186 |
| T1 ladder | p16000 | 0 | None | 6 | 0.0 | 0 | 0 | 0 |
| T1 ladder | p16000 | 1 | 1 | 2,443 | 38.8 | 600 | 75 | 76 |
| T1 ladder | p16000 | 1 | 2 | 3,169 | 45.0 | 600 | 83 | 138 |
| T1 ladder | p16000 | 1 | 3 | 3,066 | 47.4 | 600 | 88 | 158 |
| T1 ladder | p16000 | 1 | 4 | 3,321 | 49.8 | 600 | 92 | 170 |
| T1 ladder | p16000 | 1 | 5 | 3,511 | 51.6 | 600 | 95 | 176 |
| T1 ladder | p16000 | 1 | 6 | 3,796 | 52.5 | 600 | 97 | 181 |
| T1 ladder | p16000 | 1 | 7 | 3,838 | 53.9 | 600 | 99 | 184 |
| T1 ladder | p16000 | 1 | 8 | 3,815 | 55.2 | 600 | 101 | 186 |
| T1 ladder | p16000 | 1 | None | 3 | 0.0 | 0 | 0 | 0 |
| T1 ladder | p16000 | 2 | 1 | 2,183 | 37.8 | 600 | 76 | 60 |
| T1 ladder | p16000 | 2 | 2 | 2,956 | 47.4 | 600 | 87 | 132 |
| T1 ladder | p16000 | 2 | 3 | 3,193 | 50.4 | 600 | 92 | 153 |
| T1 ladder | p16000 | 2 | 4 | 3,446 | 52.7 | 600 | 96 | 166 |
| T1 ladder | p16000 | 2 | 5 | 3,281 | 54.1 | 600 | 99 | 174 |
| T1 ladder | p16000 | 2 | 6 | 3,509 | 54.8 | 600 | 101 | 178 |
| T1 ladder | p16000 | 2 | 7 | 3,645 | 55.4 | 600 | 103 | 182 |
| T1 ladder | p16000 | 2 | 8 | 3,615 | 56.4 | 600 | 104 | 184 |
| T1 ladder | p16000 | 2 | None | 2 | 0.0 | 0 | 0 | 0 |
| control | p1600 | 0 | 1 | 771 | 0.0 | 600 | 60 | 0 |
| control | p1600 | 0 | 2 | 761 | 0.0 | 600 | 59 | 0 |
| control | p1600 | 0 | 3 | 766 | 0.0 | 600 | 60 | 0 |
| control | p1600 | 0 | 4 | 762 | 0.0 | 600 | 59 | 0 |
| control | p1600 | 0 | 5 | 773 | 0.0 | 600 | 60 | 0 |
| control | p1600 | 0 | 6 | 785 | 0.0 | 600 | 60 | 0 |
| control | p1600 | 0 | 7 | 761 | 0.0 | 600 | 59 | 0 |
| control | p1600 | 0 | 8 | 780 | 0.0 | 600 | 60 | 0 |
| control | p1600 | 1 | 1 | 789 | 0.0 | 600 | 59 | 0 |
| control | p1600 | 1 | 2 | 781 | 0.0 | 600 | 60 | 0 |
| control | p1600 | 1 | 3 | 780 | 0.0 | 600 | 60 | 0 |
| control | p1600 | 1 | 4 | 775 | 0.0 | 600 | 60 | 0 |
| control | p1600 | 1 | 5 | 774 | 0.0 | 600 | 60 | 0 |
| control | p1600 | 1 | 6 | 772 | 0.0 | 600 | 60 | 0 |
| control | p1600 | 1 | 7 | 770 | 0.0 | 600 | 60 | 0 |
| control | p1600 | 1 | 8 | 760 | 0.0 | 600 | 59 | 0 |
| control | p1600 | 2 | 1 | 762 | 0.0 | 600 | 59 | 0 |
| control | p1600 | 2 | 2 | 767 | 0.0 | 600 | 59 | 0 |
| control | p1600 | 2 | 3 | 776 | 0.0 | 600 | 60 | 0 |
| control | p1600 | 2 | 4 | 770 | 0.0 | 600 | 60 | 0 |
| control | p1600 | 2 | 5 | 768 | 0.0 | 600 | 60 | 0 |
| control | p1600 | 2 | 6 | 761 | 0.0 | 600 | 60 | 0 |
| control | p1600 | 2 | 7 | 758 | 0.0 | 600 | 60 | 0 |
| control | p1600 | 2 | 8 | 763 | 0.0 | 600 | 60 | 0 |
| control | p5000 | 0 | 1 | 771 | 0.0 | 600 | 60 | 0 |
| control | p5000 | 0 | 2 | 762 | 0.0 | 600 | 59 | 0 |
| control | p5000 | 0 | 3 | 766 | 0.0 | 600 | 60 | 0 |
| control | p5000 | 0 | 4 | 765 | 0.0 | 600 | 59 | 0 |
| control | p5000 | 0 | 5 | 775 | 0.0 | 600 | 60 | 0 |
| control | p5000 | 0 | 6 | 784 | 0.0 | 600 | 60 | 0 |
| control | p5000 | 0 | 7 | 762 | 0.0 | 600 | 59 | 0 |
| control | p5000 | 0 | 8 | 778 | 0.0 | 600 | 60 | 0 |
| control | p5000 | 1 | 1 | 787 | 0.0 | 600 | 59 | 0 |
| control | p5000 | 1 | 2 | 782 | 0.0 | 600 | 60 | 0 |
| control | p5000 | 1 | 3 | 781 | 0.0 | 600 | 60 | 0 |
| control | p5000 | 1 | 4 | 774 | 0.0 | 600 | 60 | 0 |
| control | p5000 | 1 | 5 | 775 | 0.0 | 600 | 60 | 0 |
| control | p5000 | 1 | 6 | 773 | 0.0 | 600 | 60 | 0 |
| control | p5000 | 1 | 7 | 770 | 0.0 | 600 | 60 | 0 |
| control | p5000 | 1 | 8 | 760 | 0.0 | 600 | 59 | 0 |
| control | p5000 | 2 | 1 | 762 | 0.0 | 600 | 59 | 0 |
| control | p5000 | 2 | 2 | 767 | 0.0 | 600 | 59 | 0 |
| control | p5000 | 2 | 3 | 776 | 0.0 | 600 | 60 | 0 |
| control | p5000 | 2 | 4 | 770 | 0.0 | 600 | 60 | 0 |
| control | p5000 | 2 | 5 | 769 | 0.0 | 600 | 60 | 0 |
| control | p5000 | 2 | 6 | 761 | 0.0 | 600 | 60 | 0 |
| control | p5000 | 2 | 7 | 758 | 0.0 | 600 | 60 | 0 |
| control | p5000 | 2 | 8 | 763 | 0.0 | 600 | 60 | 0 |
| control | p12000 | 0 | 1 | 768 | 0.0 | 600 | 60 | 0 |
| control | p12000 | 0 | 2 | 758 | 0.0 | 600 | 59 | 0 |
| control | p12000 | 0 | 3 | 764 | 0.0 | 600 | 60 | 0 |
| control | p12000 | 0 | 4 | 763 | 0.0 | 600 | 59 | 0 |
| control | p12000 | 0 | 5 | 774 | 0.0 | 600 | 60 | 0 |
| control | p12000 | 0 | 6 | 787 | 0.0 | 600 | 60 | 0 |
| control | p12000 | 0 | 7 | 763 | 0.0 | 600 | 59 | 0 |
| control | p12000 | 0 | 8 | 778 | 0.0 | 600 | 60 | 0 |
| control | p12000 | 1 | 1 | 787 | 0.0 | 600 | 59 | 0 |
| control | p12000 | 1 | 2 | 778 | 0.0 | 600 | 60 | 0 |
| control | p12000 | 1 | 3 | 784 | 0.0 | 600 | 60 | 0 |
| control | p12000 | 1 | 4 | 772 | 0.0 | 600 | 60 | 0 |
| control | p12000 | 1 | 5 | 770 | 0.0 | 600 | 60 | 0 |
| control | p12000 | 1 | 6 | 772 | 0.0 | 600 | 60 | 0 |
| control | p12000 | 1 | 7 | 764 | 0.0 | 600 | 60 | 0 |
| control | p12000 | 1 | 8 | 755 | 0.0 | 600 | 59 | 0 |
| control | p12000 | 2 | 1 | 764 | 0.0 | 600 | 59 | 0 |
| control | p12000 | 2 | 2 | 768 | 0.0 | 600 | 59 | 0 |
| control | p12000 | 2 | 3 | 776 | 0.0 | 600 | 60 | 0 |
| control | p12000 | 2 | 4 | 770 | 0.0 | 600 | 60 | 0 |
| control | p12000 | 2 | 5 | 768 | 0.0 | 600 | 60 | 0 |
| control | p12000 | 2 | 6 | 760 | 0.0 | 600 | 60 | 0 |
| control | p12000 | 2 | 7 | 758 | 0.0 | 600 | 60 | 0 |
| control | p12000 | 2 | 8 | 764 | 0.0 | 600 | 60 | 0 |
| control | p16000 | 0 | 1 | 770 | 0.0 | 600 | 60 | 0 |
| control | p16000 | 0 | 2 | 758 | 0.0 | 600 | 59 | 0 |
| control | p16000 | 0 | 3 | 764 | 0.0 | 600 | 60 | 0 |
| control | p16000 | 0 | 4 | 763 | 0.0 | 600 | 59 | 0 |
| control | p16000 | 0 | 5 | 774 | 0.0 | 600 | 60 | 0 |
| control | p16000 | 0 | 6 | 788 | 0.0 | 600 | 60 | 0 |
| control | p16000 | 0 | 7 | 765 | 0.0 | 600 | 59 | 0 |
| control | p16000 | 0 | 8 | 775 | 0.0 | 600 | 60 | 0 |
| control | p16000 | 1 | 1 | 789 | 0.0 | 600 | 59 | 0 |
| control | p16000 | 1 | 2 | 781 | 0.0 | 600 | 60 | 0 |
| control | p16000 | 1 | 3 | 784 | 0.0 | 600 | 60 | 0 |
| control | p16000 | 1 | 4 | 773 | 0.0 | 600 | 60 | 0 |
| control | p16000 | 1 | 5 | 771 | 0.0 | 600 | 60 | 0 |
| control | p16000 | 1 | 6 | 770 | 0.0 | 600 | 60 | 0 |
| control | p16000 | 1 | 7 | 765 | 0.0 | 600 | 60 | 0 |
| control | p16000 | 1 | 8 | 756 | 0.0 | 600 | 59 | 0 |
| control | p16000 | 2 | 1 | 764 | 0.0 | 600 | 59 | 0 |
| control | p16000 | 2 | 2 | 768 | 0.0 | 600 | 59 | 0 |
| control | p16000 | 2 | 3 | 779 | 0.0 | 600 | 60 | 0 |
| control | p16000 | 2 | 4 | 770 | 0.0 | 600 | 60 | 0 |
| control | p16000 | 2 | 5 | 767 | 0.0 | 600 | 60 | 0 |
| control | p16000 | 2 | 6 | 760 | 0.0 | 600 | 60 | 0 |
| control | p16000 | 2 | 7 | 757 | 0.0 | 600 | 60 | 0 |
| control | p16000 | 2 | 8 | 764 | 0.0 | 600 | 60 | 0 |
| control | pend | 0 | 1 | 398 | 0.0 | 600 | 60 | 0 |
| control | pend | 0 | 2 | 392 | 0.0 | 600 | 59 | 0 |
| control | pend | 0 | 3 | 394 | 0.0 | 600 | 60 | 0 |
| control | pend | 0 | 4 | 393 | 0.0 | 600 | 59 | 0 |
| control | pend | 0 | 5 | 401 | 0.0 | 600 | 60 | 0 |
| control | pend | 0 | 6 | 405 | 0.0 | 600 | 60 | 0 |
| control | pend | 0 | 7 | 394 | 0.0 | 600 | 59 | 0 |
| control | pend | 0 | 8 | 402 | 0.0 | 600 | 60 | 0 |
| control | pend | 1 | 1 | 402 | 0.0 | 600 | 59 | 0 |
| control | pend | 1 | 2 | 400 | 0.0 | 600 | 60 | 0 |
| control | pend | 1 | 3 | 400 | 0.0 | 600 | 60 | 0 |
| control | pend | 1 | 4 | 398 | 0.0 | 600 | 60 | 0 |
| control | pend | 1 | 5 | 398 | 0.0 | 600 | 60 | 0 |
| control | pend | 1 | 6 | 395 | 0.0 | 600 | 60 | 0 |
| control | pend | 1 | 7 | 395 | 0.0 | 600 | 60 | 0 |
| control | pend | 1 | 8 | 399 | 0.0 | 600 | 59 | 0 |
| control | pend | 2 | 1 | 393 | 0.0 | 600 | 59 | 0 |
| control | pend | 2 | 2 | 395 | 0.0 | 600 | 59 | 0 |
| control | pend | 2 | 3 | 399 | 0.0 | 600 | 60 | 0 |
| control | pend | 2 | 4 | 396 | 0.0 | 600 | 60 | 0 |
| control | pend | 2 | 5 | 396 | 0.0 | 600 | 60 | 0 |
| control | pend | 2 | 6 | 392 | 0.0 | 600 | 60 | 0 |
| control | pend | 2 | 7 | 391 | 0.0 | 600 | 60 | 0 |
| control | pend | 2 | 8 | 395 | 0.0 | 600 | 60 | 0 |
| reads | p1600 | 0 | control r8 | 1,081 | 31.6 | 0 | 0 | 27 |
| reads | p1600 | 0 | r2 | 1,214 | 30.6 | 0 | 0 | 28 |
| reads | p1600 | 0 | r4 | 1,158 | 33.6 | 0 | 0 | 43 |
| reads | p1600 | 0 | r8 | 1,599 | 37.7 | 0 | 0 | 65 |
| reads | p1600 | 0 | re-read r0 | 419 | 9.2 | 0 | 0 | 1 |
| reads | p1600 | 1 | control r8 | 951 | 29.7 | 0 | 0 | 25 |
| reads | p1600 | 1 | r2 | 912 | 30.6 | 0 | 0 | 26 |
| reads | p1600 | 1 | r4 | 1,175 | 34.4 | 0 | 0 | 39 |
| reads | p1600 | 1 | r8 | 1,307 | 38.3 | 0 | 0 | 57 |
| reads | p1600 | 2 | control r8 | 872 | 29.6 | 0 | 0 | 25 |
| reads | p1600 | 2 | r2 | 1,092 | 30.7 | 0 | 0 | 28 |
| reads | p1600 | 2 | r4 | 1,495 | 33.4 | 0 | 0 | 42 |
| reads | p1600 | 2 | r8 | 1,404 | 38.0 | 0 | 0 | 62 |
| reads | p5000 | 0 | control r8 | 1,042 | 31.7 | 0 | 0 | 28 |
| reads | p5000 | 0 | r2 | 1,383 | 34.6 | 0 | 0 | 43 |
| reads | p5000 | 0 | r4 | 1,772 | 39.4 | 0 | 0 | 60 |
| reads | p5000 | 0 | r8 | 2,108 | 42.8 | 0 | 0 | 78 |
| reads | p5000 | 0 | re-read r0 | 511 | 13.1 | 0 | 0 | 4 |
| reads | p5000 | 1 | control r8 | 1,044 | 30.2 | 0 | 0 | 29 |
| reads | p5000 | 1 | r2 | 1,421 | 32.9 | 0 | 0 | 40 |
| reads | p5000 | 1 | r4 | 1,629 | 36.9 | 0 | 0 | 56 |
| reads | p5000 | 1 | r8 | 1,795 | 40.8 | 0 | 0 | 78 |
| reads | p5000 | 2 | control r8 | 1,016 | 30.1 | 0 | 0 | 26 |
| reads | p5000 | 2 | r2 | 1,351 | 33.8 | 0 | 0 | 40 |
| reads | p5000 | 2 | r4 | 1,694 | 37.3 | 0 | 0 | 59 |
| reads | p5000 | 2 | r8 | 1,720 | 40.8 | 0 | 0 | 80 |
| reads | p12000 | 0 | control r8 | 1,002 | 31.3 | 0 | 0 | 30 |
| reads | p12000 | 0 | r2 | 1,439 | 35.6 | 0 | 0 | 54 |
| reads | p12000 | 0 | r4 | 1,624 | 38.4 | 0 | 0 | 71 |
| reads | p12000 | 0 | r8 | 2,067 | 42.0 | 0 | 0 | 85 |
| reads | p12000 | 0 | re-read r0 | 431 | 12.8 | 0 | 0 | 8 |
| reads | p12000 | 1 | control r8 | 1,045 | 31.0 | 0 | 0 | 32 |
| reads | p12000 | 1 | r2 | 1,416 | 36.6 | 0 | 0 | 52 |
| reads | p12000 | 1 | r4 | 1,621 | 39.3 | 0 | 0 | 67 |
| reads | p12000 | 1 | r8 | 2,062 | 43.5 | 0 | 0 | 81 |
| reads | p12000 | 2 | control r8 | 943 | 30.2 | 0 | 0 | 27 |
| reads | p12000 | 2 | r2 | 1,552 | 36.6 | 0 | 0 | 48 |
| reads | p12000 | 2 | r4 | 1,786 | 39.6 | 0 | 0 | 70 |
| reads | p12000 | 2 | r8 | 1,770 | 42.9 | 0 | 0 | 88 |
| reads | p16000 | 0 | control r8 | 1,108 | 31.0 | 0 | 0 | 29 |
| reads | p16000 | 0 | r2 | 1,900 | 36.6 | 0 | 0 | 58 |
| reads | p16000 | 0 | r4 | 1,945 | 40.3 | 0 | 0 | 78 |
| reads | p16000 | 0 | r8 | 1,996 | 43.4 | 0 | 0 | 91 |
| reads | p16000 | 0 | re-read r0 | 643 | 13.4 | 0 | 0 | 10 |
| reads | p16000 | 1 | control r8 | 990 | 30.6 | 0 | 0 | 31 |
| reads | p16000 | 1 | r2 | 1,737 | 35.2 | 0 | 0 | 53 |
| reads | p16000 | 1 | r4 | 2,002 | 39.1 | 0 | 0 | 71 |
| reads | p16000 | 1 | r8 | 2,648 | 42.8 | 0 | 0 | 87 |
| reads | p16000 | 2 | control r8 | 1,021 | 31.2 | 0 | 0 | 29 |
| reads | p16000 | 2 | r2 | 1,646 | 37.9 | 0 | 0 | 54 |
| reads | p16000 | 2 | r4 | 1,740 | 41.2 | 0 | 0 | 72 |
| reads | p16000 | 2 | r8 | 1,834 | 42.8 | 0 | 0 | 87 |
| reads | pend | 0 | control r8 | 1,024 | 30.8 | 0 | 0 | 29 |
| reads | pend | 1 | control r8 | 938 | 30.4 | 0 | 0 | 30 |
| reads | pend | 2 | control r8 | 976 | 30.4 | 0 | 0 | 28 |
